9896603
9896200
9892737
9899507
9892639
9892697
9897662
9892958
9897587
9896968
9891636
9894558
9897497
9895235
9894254
9893576
9895601
9898486
9894397
9897686
9892684
9893484
9891161
9894759
9898840
9891051
9898440
9899043
9898998
9893169
9891682
9896295
9898125
9899183
9898921
9891908
9897348
9891413
9894324
9896108
9894371
9893762
9896050
9893599
9899963
9893616
9896046
9894132
9895529
9893756
9899601
9897672
9891234
9895011
9891499
9894119
9896039
9897976
9891667
9892588
9894255
9898618
9893959
9895417
9896285
9895340
9896432
9898313
9896313
9893346
9896227
9895188
9895162
9898288
9894315
9898920
9897432
9897561
9894795
9896223
9895003
9895308
9894513
9896242
9893567
9894009
9896060
9894113
9898683
9895802
9895867
9899370
9899744
9892735
9892852
9895752
9899801
9891632
9897312
9895622
9897183
9897732
9897817
9893183
9897527
9895412
9893510
9892944
9891696
9892577
9896685
9898476
9894181
2765443
2767584
2768946
2765104
2767716
2762850
2763276
2769278
2763319
2769629
2761511
2767477
2766855
2765442
2763426
2766436
2768561
2769118
2766799
2761248
2769171
2769038
2767270
2767489
2762330
2768713
2768153
2761498
2764115
2763416
2767106
2769115
2767390
2766189
2765301
2765150
2763904
2761648
2763085
2768781
2765036
2766342
2764864
2768101
2767306
2765705
2761672
2769968
2761083
2766507
2763133
2763458
2769884
2768228
2765009
2766403
2761314
2762457
2763773
2769002
2764695
2762777
2766163
2769901
2763523
2762394
2761087
2761666
2761141
2768275
2763532
2767913
2767032
2768017
2766211
2763828
2765174
2769167
2761183
2766624
2768041
2768183
2761415
2767607
2761283
2764647
2769230
2769160
2762180
2768896
2764835
2762447
2767873
2764081
2765085
2763258
2761179
2764962
2765578
2765911
2765617
2761006
2769827
2762807
2763975
2765219
2766424
2762866
2763017
2762180
2762229
2762145
2762273
2767148
2761961
2766510
2762362
2768555
2769618
2768874
2763163
2761925
2769484
2762243
2764439
2762085
2761040
2763951
2763932
2763952
2763649
2761212
2764588
2765270
2762006
2768034
2768355
2768607
2764631
2766062
2768222
2767363
2767143
2769998
2767667
2763689
2761173
2761725
2763120
2768573
2761896
2762623
2765343
2766702
2763748
2764692
2761520
2768583
2768366
2762890
2765179
2763473
2768933
2769064
2768530
2762016
2767556
2767002
2766141
2763925
2768154
2763754
2764923
2764555
2761652
2765798
2764781
2769484
2764575
2761750
2761911
2769313
2761830
2765358
2763056
2762026
2765868
2767884
2762522
2767313
2767514
2769771
2761240
2762741
2761883
2765748
2768429
2768078
2762468
2766650
2766132
2764169
2765582
2769193
2761419
2768140
2767698
2761787
2766050
2767948
2769909
2762034
2765007
2767616
2761978
2765864
2762642
2764574
2767007
2767504
2766147
2769670
2765479
2768827
2766410
2768381
2763513
2763181
2763671
2765903
2767368
2766702
2768015
2767923
2765616
2767740
2764731
2762636
2764938
2764914
2764326
2765080
2762834
2764573
2767402
2766479
2765763
2763623
2761763
2766018
2764106
2764854
2762070
2764963
2761503
2766461
2768689
2766754
2763783
2763036
2765627
2765516
2768115
2761147
2761580
2764207
2764017
2767083
2762999
2764236
2762133
2761006
2769634
2763093
2764177
2762067
2767836
2761906
2762424
2769929
2763617
2769888
2762418
2767651
2762796
2763513
2765632
2764052
2767420
2769154
2769050
2767975
2768851
2762902
2769285
2768808
2766963
2762687
2763992
2764195
2763461
2768679
2761624
2767526
2764885
2764099
2765218
2768975
2761786
2769435
2768624
2767783
2765329
2763852
2769418
2765738
2764098
2761464
2768349
2768066
2768574
2769964
2769662
2763844
2765184
2764156
2762153
2767732
2763807
2765368
2765102
2766148
2767912
2768228
2767467
2764936
2769264
2764891
2763765
2768695
2768293
2766655
2763265
2767983
2761530
2762267
2763646
2765999
2763482
2764547
2765709
2766499
2764336
2765925
2765619
2763496
2769016
2767778
2763341
2761729
2762946
2767485
2766168
2766417
2765332
2763475
2769869
2767099
2766383
2765481
2766472
2769206
2767697
2769652
2769771
2762918
2767698
2762678
2763313
2763917
2761509
2766153
2765249
2769258
2769657
2768601
2762812
2762986
2763608
2764971
2765919
2762485
2762550
2763036
2766749
2761808
2761487
2766847
2763651
2768054
2762396
2766545
2769614
2768000
2768073
2766502
2768801
2764683
2766152
2763701
2765796
2767338
2765465
2769422
2761219
2766791
2763235
2766908
2766758
2766730
2761663
2767882
2764491
2762412
2769560
2764987
2767656
2765660
2763902
2768963
2762431
2761850
2769026
2765258
2762520
2764963
2766538
2767248
2762184
2764154
2769799
2768127
2766833
2769906
2769174
2768580
2767019
2763126
2762816
2769956
2768572
2764577
2761088
2766920
2767390
2764513
2763054
2768202
2768438
2764086
2768845
2764140
2761780
2767188
2762269
2764945
2768311
2761206
2767901
2766255
2761253
2765986
2765724
2763604
2766929
2763534
2762049
2764584
2763237
2761980
2767966
2765529
2763844
2763945
2761391
2767853
2761761
2763106
2767866
2768006
2762909
2768335
2768808
2768096
2765308
2766658
2767347
2769643
2768636
2765228
2761269
2766813
2765223
2766559
2769703
2763585
2768851
2767483
2769989
2764856
2763463
2768468
2765965
2767457
2766119
2764315
2761296
2767834
2766797
2764415
2764183
2766205
2763338
2769894
2764346
2762917
2767176
2767626
2768294
2761271
2766186
2762405
2765946
2768007
2761711
2762153
2761305
2767283
2764240
2767804
2769000
2764277
2763115
2764010
2765543
2764439
2763370
2762350
2762977
2761993
2766361
2769512
2763846
2765220
2762044
2765062
2764474
2765328
2763212
2767786
2766408
2762225
2769187
2769717
2768669
2762058
2763521
2767956
2766746
2764965
2764009
2764012
2764593
2768991
2765413
2769905
2764089
2769326
2765350
2769906
2769546
2765826
2765648
2767301
2764909
2766672
2768557
2761725
2766963
2766647
2767677
2765976
2765070
2766453
2762396
2767775
2765088
2763396
2765340
2764484
2761917
2765412
2765603
2768010
2767982
2763349
2765918
2764853
2769806
2762137
2761973
2765147
2769976
2763305
2768239
2761582
2766575
2762886
2765808
2762996
2763499
2762796
2761992
2761098
2767287
2768032
2768940
2768139
2767595
2767637
2765817
2761692
2764986
2761865
2768989
2765133
2761222
2767637
2769318
2762559
2761754
2764703
2761918
2765825
2765674
2763530
2765998
2762765
2768213
2761813
2762200
2763202
2767587
2763343
2761985
2769120
2764420
2765504
2761723
2769949
2764407
2767778
2767257
2763168
2766319
2761280
2761160
2769110
2764315
2764105
2761359
2768937
2763567
2764248
2762242
2768795
2761877
2766165
2765423
2764756
2763033
2767175
2769925
2766781
2766437
2763614
2764104
2762642
2769879
2769867
2761713
2765717
2766913
2769367
2768151
2763975
2767445
2768748
2769505
2765393
2763369
2766887
2768448
2765107
2761454
2763262
2769633
2764338
2762101
2763189
2768242
2768253
2761081
2766965
2767916
2767231
2767852
2761475
2766730
2763704
2767175
2768516
2769229
2764446
2763392
2765641
2763023
2764198
2766096
2768265
2762349
2763127
2766659
2761029
2762387
2766144
2768725
2765817
2766327
2764175
2763979
2769765
2761541
2767690
2762625
2763458
2765635
2769946
2762451
2761919
2766122
2766969
2763018
2766800
2768216
2764851
2767656
2765002
2762714
2765811
2761238
2766435
2768240
2763834
2761839
2766114
2762594
2761052
2765578
2762771
2768505
2763034
2765146
2763555
2769723
2767409
2767975
2762539
2762821
2769933
2761006
2763076
2762747
2765177
2763143
2765379
2761109
2769857
2762811
2767534
2768487
2764723
2764102
2761515
2763936
2767543
2762524
2767705
2766851
2766509
2761864
2765583
2765368
2769678
2763413
2764087
2762822
2769461
2767075
2761807
2766875
2766117
2763181
2762780
2765805
2768161
2764688
2764063
2761690
2766459
2766005
2762735
2768239
2768043
2764283
2764782
2768930
2764630
2769617
2763180
2765884
2761269
2765686
2766310
2769068
2765422
2767706
2763067
2762763
2769055
2763556
2761646
2763782
2762004
2761658
2763369
2762541
2762322
2765709
2765774
2763855
2768460
2767015
2761392
2761503
2769128
2767342
2767324
2766395
2768630
2765155
2768190
2769842
2764895
2765921
2766605
2761430
2766869
2763710
2761383
2761454
2762620
2762299
2762634
2763902
2765358
2768951
2767235
2767384
2761913
2763240
2767608
2768920
2764843
2769323
2767423
2764253
2765294
2765806
2769939
2768078
2761382
2766670
2764132
2764899
2765364
2761803
2768885
2766081
2765052
2762939
2765671
2768610
2765325
2765320
2762234
2767161
2765380
2767488
2766144
2761176
2761106
2769939
2765482
2766390
2767546
2769269
2765999
2765570
2768496
2763352
2766135
2762062
2763770
2763303
2761071
2765949
2768166
2767734
2768537
2764555
2761065
2762153
2763331
2768972
2767568
2768997
2764594
2769522
2768089
2761262
2768871
2767804
2769661
2769762
2767971
2761442
2762188
2767741
2767351
2766094
2765802
2764315
2767583
2762699
2766803
2764608
2765839
2763022
2765248
2766284
2768993
2767645
2768949
2762589
2761110
2768951
2767607
2766508
2768820
2768548
2765674
2766476
2767480
2768234
2764479
2768329
2762400
2764007
2765330
2769628
2764761
2761425
2761382
2763443
2768751
2766749
2764569
2761631
2763169
2763960
2764157
2762572
2765273
2762804
2762267
2762226
2768854
2768071
2769651
2769018
2763834
2765678
2768919
2768802
2761419
2769325
2766833
2769348
2768219
2768472
2763207
2762832
2767690
2765618
2762523
2768568
2767263
2766506
2763836
2764360
2765382
2766975
2764339
2765860
2765390
2764102
2762202
2765676
2766966
2763253
2769474
2764327
2764354
2766310
2766794
2769081
2762505
2762578
2763023
2769425
2769915
2765220
2763411
2764695
2761752
2762325
2764880
2769654
2761280
2763698
2764961
2763347
2765235
2766291
2764636
2766857
2762339
2764058
2764412
2767316
2768122
2762157
2763381
2765966
2768997
2768878
2768476
2762379
2768823
2763440
2767063
2765685
2764482
2764410
2764443
2761162
2764563
2769642
2765108
2764064
2769220
2762547
2765395
2764268
2768291
2767126
2769091
2768061
2762674
2769935
2767742
2768445
2768164
2765706
2762303
2768757
2762838
2767444
2765696
2762872
2763847
2763501
2761831
2767839
2766633
2769274
2768863
2761825
2762847
2764473
2763294
2762695
2768948
2761347
2768094
2766575
2766761
2769111
2767674
2762871
2769786
2761415
2769704
2768886
2765697
2768616
2767520
2768774
2763106
2765684
2768322
2767118
2764945
2763235
2761216
2766719
2761715
2767555
2767634
2769015
2768261
2768266
2766214
2768200
2767641
2766046
2769496
2767816
2767610
2765726
2762996
2763726
2769769
2763825
2763085
2763432
2763795
2762943
2763141
2768016
2762754
2761089
2768717
2767161
2766149
2766174
2767749
2766713
2761131
2762375
2765859
2769204
2762476
2768657
2764608
2762519
2765199
2762503
2762245
2769649
2769119
2769702
2762163
2767379
2763688
2765596
2767348
2762119
2761149
2767783
2763923
2768771
2765413
2769617
2767260
2768172
2769548
2769051
2763050
2762466
2768296
2763782
2767685
2766235
2769865
2763791
2762249
2762111
2769216
2761566
2768231
2762292
2761698
2763490
2768895
2763051
2768924
2762337
2764473
2761553
2768825
2766629
2766563
2763346
2768451
2767087
2764791
2762858
2762397
2766434
2762970
2766147
2769452
2769777
2762353
2766336
2763017
2765927
2767512
2769895
2764346
2766236
2762902
2769582
2769550
2762631
2768073
2762922
2761721
2765209
2769247
2768210
2765577
2762496
2763640
2762667
2767218
2765338
2767783
2763778
2768998
2769390
2769712
2763781
2768594
2763084
2762838
2761919
2762137
2763559
2761034
2763996
2764824
2764576
2767206
2763588
2764726
2766979
2763795
2766819
2769013
2762868
2762136
2767187
2767186
2764758
2761570
2767955
2767137
2769684
2769116
2767677
2768143
2764733
2761897
2764955
2766523
2769120
2761987
2767466
2769791
2767154
2761785
2768161
2765175
2766251
2764385
2762000
2765289
2761051
2767940
2761238
2762543
2761963
2764764
2767130
2768253
2763525
2766594
2764835
2762513
2764882
2764780
2762451
2764441
2763355
2765852
2761090
2763679
2763251
2767064
2765605
2765991
2766327
2767026
2762859
2762082
2763974
2763012
2761935
2761373
2769568
2763665
2767086
2762744
2768878
2766134
2767179
2769968
2764765
2766700
2763997
2763526
2767151
2765952
2765909
2763373
2769332
2764720
2762819
2761398
2764295
2768320
2763038
2763986
2763334
2765245
2766214
2764935
2762905
2766047
2765278
2761512
2765658
2764462
2762944
2762216
2767693
2769705
2765562
2767220
2768671
2761121
2768912
2766549
2764066
2763078
2768839
2761375
2762117
2769484
2762749
2769253
2761192
2761536
2767076
2762248
2761626
2764099
2769408
2764632
2769918
2763244
2768062
2768717
2762421
2763485
2767866
2763688
2764007
2764693
2765679
2769626
2769157
2765598
2762726
2764173
2769406
2766488
2769918
2761255
2766405
2765839
2763818
2763419
2764298
2766024
2761319
2765122
2767384
2761696
2761589
2764593
2761296
2761929
2767300
2766426
2763057
2761195
2765127
2761581
2765211
2766151
2767366
2767423
2764805
2763121
2761096
2765593
2768808
2763902
2762840
2765137
2764179
2769152
2768226
2765079
2769425
2765642
2765419
2766396
2763165
2763744
2766302
2763311
2764103
2762085
2769329
2768227
2768296
2766298
2762116
2769211
2762360
2769337
2766043
2761254
2768471
2766394
2768613
2762176
2765928
2765725
2766312
2764482
2768854
2766451
2761413
2762143
2763702
2763220
2767000
2767413
2765774
2768730
2768414
2762467
2769847
2765054
2764319
2763720
2763791
2762868
2767295
2763510
2762786
2763628
2763776
2764841
2764109
2767971
2766607
2764030
2767028
2764242
2761468
2767438
2767430
2762820
2764455
2767651
2761671
2768186
2765524
2766076
2769296
2764701
2764436
2763629
2761922
2764575
2761405
2764416
2763074
2765893
2768383
2764060
2768428
2763802
2762695
2766226
2763674
2766571
2768032
2765729
2766612
2763970
2761385
2762532
2768262
2761976
2765035
2768026
2761598
2766666
2763048
2765604
2767342
2762219
2764212
2768084
2769190
2761147
2763918
2769532
2767565
2763190
2761956
2762135
2765858
2767407
2769009
2764628
2761125
2768228
2764977
2765098
2761153
2769793
2769462
2766326
2764316
2762904
2765366
2769945
2769538
2763378
2763818
2766406
2763844
2763778
2766716
2767208
2769589
2764610
2767035
2763527
2763653
2768498
2768163
2764422
2763013
2769248
2766673
2761855
2762965
2761407
2767901
2763369
2762689
2767949
2765451
2767547
2762756
2767884
2764767
2767286
2765779
2763971
2769992
2765187
2769371
2765548
2768289
2763079
2761690
2762800
2765037
2766513
2762193
2762450
2762445
2762653
2762630
2766040
2764312
2765066
2766230
2764511
2767980
2769131
2765475
2761448
2764717
2765894
2768326
2769168
2765452
2762704
2769841
2769747
2767746
2769680
2768505
2763975
2765050
2767464
2761958
2764593
2761164
2761164
2766369
2762387
2762176
2761239
2766503
2763797
2765916
2766714
2764571
2769700
2762056
2762268
2765990
2761861
2769711
2768922
2761830
2763395
2764751
2762520
2767347
2763333
2766671
2762444
2764702
2762763
2764147
2768654
2761990
2766847
2764107
2762636
2764346
2767815
2763762
2764087
2769270
2764477
2769389
2765528
2764251
2768736
2768131
2761141
2768691
2766477
2764690
2767643
2764263
2766126
2766633
2768562
2769840
2768642
2763816
2764035
2765715
2769731
2766535
2764740
2769649
2767261
2765724
2767723
2766592
2769418
2767921
2768173
2768098
2766623
2769650
2767352
2764005
2769221
2768267
2768609
2765200
2766529
2763751
2768223
2768071
2766502
2765391
2765862
2761213
2765544
2762794
2765702
2764999
2769725
2768370
2769538
2767940
2765648
2765878
2766989
2764011
2761407
2764548
2769271
2768555
2766516
2769543
2767638
2766474
2769280
2765557
2761619
2761375
2765205
2768834
2769185
2766979
2768310
2766668
2764146
2762869
2769861
2767510
2762048
2767624
2763218
2764173
2768372
2768251
2761111
2769410
2768355
2764343
2762278
2765597
2764792
2762981
2764478
2769667
2762555
2766958
2767751
2769386
2761931
2769985
2762175
2765327
2769793
2761891
2769184
2763559
2769628
2768979
2762732
2765119
2764149
2763896
2763500
2762647
2766336
2763342
2762171
2769385
2766362
2769869
2767200
2767275
2769095
2769606
2765041
2767204
2763500
2768642
2765112
2767187
2765117
2761474
2766578
2762061
2766448
2767890
2764378
2767481
2769066
2767551
2769780
2769374
2762610
2767157
2762447
2761896
2769479
2762831
2764330
2769211
2765786
2768364
2764024
2762061
2763785
2764899
2766230
2761186
2766849
2762980
2761059
2761986
2764866
2765544
2761002
2763675
2767316
2762439
2766198
2768445
2768962
2764689
2761319
2768810
2761088
2767824
2765664
2762938
2768158
2764144
2767723
2761669
2765312
2765900
2762400
2766751
2767449
2765517
2768275
2762549
2762659
2764191
2761631
2767085
2767492
2768794
2765508
2767064
2767155
2768771
2764579
2768040
2766631
2765883
2761248
2762097
2768045
2765212
2761972
2765959
2769233
2764292
2763027
2763705
2765256
2769388
2766672
2768965
2764144
2764250
2766225
2762798
2764162
2764648
2766786
2765770
2764057
2764233
2762318
2762293
2763316
2768598
2765782
2769386
2769563
2769681
2765036
2769427
2765651
2761303
2768704
2763236
2764544
2763315
2763314
2768366
2762164
2767925
2762829
2768102
2763121
2766542
2763920
2763904
2763545
2762780
2764877
2762983
2769096
2765476
2768038
2764812
2763894
2769678
2763642
2761634
2768509
2763639
2764140
2765573
2765352
2767243
2764313
2763841
2765544
2763988
2768253
2761847
2762334
2768418
2764606
2766130
2762403
2764214
2769170
2766773
2765678
2762877
2766840
2767782
2765803
2763053
2761331
2761175
2763263
2764892
2769341
2764864
2769671
2762679
2769856
2768524
2764785
2767254
2763750
2765876
2763228
2761079
2768359
2769556
2764525
2764030
2761649
2761677
2761870
2762908
2763408
2769678
2761508
2766868
2765955
2766631
2766797
2766356
2769769
2763298
2766912
2764137
2761577
2761651
2764646
2764389
2762174
2769653
2768561
2766080
2762345
2765147
2761463
2764293
2764544
2765599
2764517
2767283
2764256
2762772
2762404
2769652
2769304
2761355
2762484
2769661
2764356
2763803
2766723
2764224
2762726
2768427
2767484
2761451
2768963
2769089
2769500
2767707
2765910
2761136
2762856
2761994
2763115
2765788
2761562
2768259
2769214
2767213
2763323
2761355
2763114
2769513
2763099
2767996
2761894
2767258
2764832
2761222
2769166
2764983
2761032
2768369
2763929
2765336
2764354
2763916
2767662
2761012
2765329
2765454
2766098
2766808
2762373
2764119
2769915
2761409
2767537
2764515
2769791
2764223
2761447
2767142
2761480
2766367
2762110
2763212
2766327
2769487
2769556
2762704
2765256
2769277
2768539
2761926
2761104
2764486
2768063
2767777
2762434
2767645
2761597
2769202
2762883
2767868
2765256
2766304
2768139
2768978
2768080
2761484
2769720
2761317
2761430
2765943
2764535
2763889
2767889
2767561
2764225
2762142
2767587
2768174
2761454
2763625
2761197
2766820
2768268
2761446
2764015
2766428
2763344
2769758
2763081
2763146
2763626
2762243
2765258
2763610
2762111
2765805
2765071
2767348
2762406
2769071
2762982
2764939
2768846
2763596
2767389
2767214
2766595
2761502
2764552
2761291
2761057
2763421
2768747
2769257
2767670
2768435
2768035
2767693
2765963
2762651
2768139
2769961
2768235
2768282
2763317
2763292
2768629
2765278
2766449
2768419
2767070
2761239
2766767
2762382
2761642
2766257
2767972
2765671
2764055
2766800
2769832
2762842
2766206
2762789
2763089
2761204
2763495
2766000
2765939
2763675
2767769
2767376
2762385
2769754
2761932
2763020
2766702
2761563
2761279
2765097
2768583
2762317
2765051
2766131
2764220
2769816
2766653
2767364
2768614
2762413
2761463
2763363
2764637
2769161
2762818
2766296
2764755
2766446
2766193
2763113
2769795
2763628
2769338
2763774
2761650
2769692
2768853
2767011
2761450
2768621
2769553
2767408
2765392
2768956
2768215
2768514
2767789
2761074
2768567
2763271
2764549
2766129
2767385
2764525
2763212
2765405
2763738
2763222
2767936
2765634
2768264
2761256
2765368
2768164
2765301
2765955
2762978
2762277
2765481
2764527
2761963
2769640
2766914
2769991
2762858
2764053
2767969
2765680
2761945
2764302
2768506
2764680
2767877
2763922
2768562
2764666
2766242
2765812
2761562
2766243
2766953
2766630
2769074
2765814
2761357
2769296
2763039
2767226
2764655
2763260
2766535
2766512
2765592
2765040
2762307
2764907
2769214
2767392
2762666
2769157
2767435
2768057
2762276
2764633
2767127
2764583
2763377
2762446
2769601
2761635
2769712
2767165
2761715
2769237
2767572
2765331
2761566
2762099
2769634
2763560
2762014
2761742
2762024
2768684
2767766
2762993
2769087
2763837
2762615
2764654
2765450
2768848
2764145
2762404
2768807
2768895
2765354
2765441
2768686
2766772
2766919
2761593
2767624
2764020
2763546
2769369
2765797
2766353
2767466
2766974
2764341
2768115
2767756
2769105
2768142
2766692
2767033
2763590
2766866
2765133
2765495
2769539
2769829
2765946
2766183
2761863
2764020
2769309
2761430
2768676
2769976
2766123
2763412
2763862
2766640
2761421
2764117
2768002
2766138
2768395
2767195
2763733
2766369
2765639
2761313
2767334
2762091
2765039
2764260
2763114
2762862
2762763
2768574
2764552
2762276
2767378
2761762
2762678
2767836
2762682
2766349
2766486
2765923
2768789
2766997
2768216
2765702
2764894
2763464
2767720
2763574
2769029
2767451
2768469
2767936
2762761
2764169
2765190
2765632
2768847
2769771
2768980
2766048
2768314
2766814
2768213
2767548
2768858
2762585
2769261
2769658
2762439
2761166
2764455
2763046
2761709
2767809
2767578
2768640
2763095
2762631
2767196
2762574
2766538
2769538
2763831
2765310
2761104
2766614
2769514
2764208
2766570
2767044
2768987
2762910
2767367
2761437
2767607
2762975
2768783
2761667
2766843
2763309
2764202
2768061
2762135
2768862
2763996
2766422
2767227
2764951
2766589
2766548
2763537
2767216
2763574
2767405
2769509
2768774
2763982
2763902
2767443
2763244
2763070
2766052
2764087
2765393
2762177
2762544
2765678
2761272
2761201
2765603
2769856
2762427
2765787
2764887
2768371
2768476
2768402
2764967
2762314
2764681
2769385
2765562
2767617
2761021
2764506
2762771
2769334
2769961
2761927
2768831
2768992
2765880
2764223
2764599
2761238
2768149
2764973
2766740
2767685
2762451
2761744
2766955
2764750
2761986
2766691
2762109
2762428
2768686
2769032
2762032
2761371
2769013
2762588
2763762
2763857
2767506
2768433
2764066
2761887
2769405
2763209
2765715
2769343
2762368
2766609
2764976
2768203
2762188
2764648
2761222
2764503
2762662
2767281
2769862
2763937
2763430
2761812
2766631
2764329
2763397
2761342
2761648
2761928
2769893
2768459
2769977
2764292
2761461
2761742
2763730
2769714
2761907
2765853
2768278
2769241
2766027
2767610
2763381
2765375
2762714
2763904
2761240
2765038
2768810
2767528
2768708
2762732
2762724
2769823
2761426
2766694
2762802
2769735
2768488
2769063
2762561
2764786
2769448
2763907
2766631
2761683
2767742
2761446
2761917
2761506
2763595
2766807
2769002
2761621
2767908
2765818
2768429
2762255
2762614
2769491
2761101
2766608
2763117
2763365
2769750
2768244
2762567
2761636
2761315
2767034
2767912
2762170
2767364
2769214
2767679
2762240
2768161
2769472
2768743
2762030
2766161
2769793
2764120
2768303
2764932
2762901
2763729
2762103
2762914
2765607
2768264
2761547
2768121
2768995
2768961
2765951
2762669
2767083
2764156
2768386
2769115
2767105
2761130
2764881
2763593
2762425
2769441
2769786
2763940
2766667
2767656
2768955
2763511
2761583
2764330
2761306
2763488
2764813
2768432
2767848
2765515
2761463
2768720
2765706
2768769
2767365
2764048
2768367
2761252
2762728
2769570
2762077
2766316
2761356
2762914
2769054
2769662
2769237
2765710
2763506
2763458
2763941
2768162
2766246
2767949
2769307
2768034
2767537
2765665
2768654
2763462
2767854
2768649
2766307
2763870
2768651
2768384
2765422
2766111
2766226
2768376
2762074
2769534
2762211
2767095
2766578
2763639
2763154
2768668
2765274
2761642
2764249
2769102
2765925
2765389
2762574
2763300
2763474
2767756
2769460
2769329
2766510
2763701
2762596
2769264
2762715
2763427
2761009
2767485
2764261
2761670
2765240
2764126
2769482
2765129
2762383
2764405
2766950
2769149
2762371
2766668
2765880
2768867
2761390
2768011
2769212
2768751
2763724
2761917
2762296
2766351
2765909
2767665
2766649
2766895
2762866
2768372
2767937
2762945
2765380
2764151
2763630
2765667
2765407
2764604
2766401
2761123
2769618
2761796
2764005
2768167
2766348
2764324
2766384
2763792
2764448
2767641
2763310
2764583
2761052
2763962
2769701
2769090
2766188
2767908
2765759
2767573
2767476
2763586
2763263
2764010
2766467
2765005
2764769
2768219
2764038
2761212
2764460
2766784
2762609
2769088
2769132
2762928
2767910
2764128
2761003
2762585
2762281
2763856
2763447
2765223
2766061
2764353
2762892
2762417
2764448
2764538
2769478
2767497
2768844
2768827
2763645
2767031
2768531
2769993
2762699
2762342
2769554
2768164
2769753
2764236
2764181
2766524
2762974
2761963
2764829
2767773
2762179
2763059
2767904
2764173
2766291
2764619
2761139
2768038
2767948
2763113
2763112
2763351
2764770
2769498
2761733
2766961
2767939
2763781
2766443
2763100
2764395
2767915
2762428
2768660
2763030
2764115
2764102
2769209
2762042
2769535
2762379
2761929
2767587
2766674
2763358
2767418
2769592
2765670
2763535
2769025
2766892
2761492
2763045
2769585
2769228
2767202
2764394
2761254
2763502
2767219
2768584
2769191
2765518
2762728
2764377
2764263
2761630
2769243
2762143
2763175
2761517
2761928
2766996
2768412
2761734
2762183
2765763
2768094
2767140
2764313
2767367
2763268
2761245
2767417
2766207
2763902
2765870
2762842
2769430
2765826
2769720
2763848
2766707
2764821
2761950
2763186
2766409
2765858
2763297
2769094
2766787
2761349
2764527
2761359
2768508
2765963
2764494
2764632
2768851
2768045
2762438
2766298
2764113
2769188
2769850
2766316
2768946
2768100
2766520
2761474
2768391
2768786
2769811
2766316
2763454
2767667
2765220
2763174
2767461
2768546
2765772
2769904
2765797
2768044
2767524
2767018
2768740
2769884
2768908
2761243
2769407
2762238
2763990
2762384
2764387
2764422
2769734
2767517
2764970
2765633
2764238
2768307
2769337
2762822
2761702
2767999
2761536
2768209
2767904
2761840
2761743
2762319
2767169
2761304
2763273
2762533
2761500
2766067
2762663
2763831
2767574
2769061
2769191
2766276
2762066
2767153
2765796
2768427
2762928
2769030
2767932
2767701
2768203
2762828
2765307
2767463
2761567
2763974
2767341
2769523
2766482
2761530
2762979
2768067
2769499
2768087
2765067
2763686
2769110
2762853
2763921
2764666
2765854
2762138
2768057
2765176
2769114
2764060
2761756
2764548
2763203
2763107
2766281
2768872
2763906
2764040
2764115
2765341
2765996
2765808
2761966
2767525
2768724
2763138
2767348
2767044
2767081
2762124
2766776
2763978
2763085
2763109
2769316
2761074
2766109
2764265
2762847
2767064
2764769
2761131
2768347
2767506
2763218
2763793
2767319
2764374
2765248
2764105
2765160
2766459
2764971
2769725
2767689
2764301
2761887
2766395
2765941
2763715
2764789
2762013
2768093
2767990
2767282
2767777
2762463
2761094
2763790
2766206
2763763
2769640
2762192
2767050
2761571
2765864
2767459
2764459
2765306
2765931
2765817
2763973
2762795
2763976
2766962
2761317
2769005
2763358
2765419
2766014
2769186
2769713
2768323
2769131
2763274
2763756
2763036
2761357
2761223
2765440
2762329
2767225
2761583
2769041
2761342
2765519
2765266
2767920
2769154
2762824
2766841
2767426
2762088
2761009
2767896
2761815
2769216
2765117
2762028
2766965
2768770
2769103
2765673
2767775
2767018
2764048
2762317
2763059
2764775
2767814
2763827
2767102
2764236
2769865
2764601
2768590
2763390
2763753
2763633
2762442
2766049
2762085
2764203
2763595
2769172
2762759
2768625
2768313
2762235
2762459
2764538
2767918
2769327
2764256
2766669
2763225
2762552
2763806
2763022
2767292
2764202
2763206
2764145
2762339
2768995
2769737
2764190
2762221
2766407
2769304
2768424
2766463
2762483
2769585
2761915
2767685
2765899
2763078
2768602
2765258
2765422
2764002
2761824
2763315
2764276
2765908
2767774
2769978
2764196
2762375
2767038
2769582
2761730
2766339
2768239
2763843
2767938
2762864
2764598
2769433
2768568
2767403
2762906
2762930
2764034
2768073
2766435
2769741
2763341
2768982
2767325
2769473
2765203
2767762
2762870
2761199
2762382
2761829
2768062
2764087
2762963
2764211
2768024
2765031
2763265
2768840
2765732
2766142
2762345
2768071
2769745
2764035
2768478
2769167
2766689
2768018
2762096
2768892
2769280
2766201
2769471
2768031
2767636
2765212
2765049
2767563
2765379
2763967
2764469
2768039
2762460
2767108
2764800
2761511
2767470
2765356
2769377
2767873
2769663
2765193
2763341
2761292
2768395
2765269
2769236
